2
5
7
8
11
26
30
33
37
38
51
54
56
58
59
77
79
85
87
91
94
97
98
99
103
104
105
106
109
113
116
134
144
150
151
155
163
166
173
179
180
186
189
195
196
198
201
206
210
215
218
220
224
226
230
240
245
247
249
251
265
271
274
276
278
282
289
290
301
305
312
325
334
346
348
350
359
360
361
364
365
367
370
376
378
387
390
392
397
399
401
404
405
408
414
420
425
426
434
437
442
450
457
459
460
462
466
467
468
480
491
492
493
494
496
497
499
504
507
511
513
519
521
529
536
545
551
553
555
556
557
558
569
578
584
591
601
603
605
616
621
624
625
626
630
633
639
640
653
659
677
678
688
689
695
702
729
731
732
733
746
751
753
754
755
756
757
759
769
781
787
799
802
803
807
810
830
832
836
837
842
859
862
869
881
883
890
893
904
906
908
916
928
929
931
933
947
948
953
955
959
960
964
968
969
975
984
991
995
997
1000
1002
1011
1013
1014
1015
1026
1029
1039
1047
1048
1050
1068
1075
1080
1084
1088
1090
1093
1099
1100
1102
1104
1106
1109
1115
1122
1123
1129
1133
1134
1148
1153
1156
1171
1172
1173
1181
1187
1191
1195
1207
1214
1217
1219
1224
1226
1233
1235
1237
1241
1243
1245
1248
1250
1257
1265
1272
1292
1302
1305
1316
1319
1320
1321
1326
1328
1334
1335
1343
1346
1349
1352
1362
1370
1375
1379
1380
1386
1395
1404
1406
1412
1416
1421
1430
1433
1444
1446
1448
1451
1454
1459
1461
1469
1474
1508
1509
1517
1520
1525
1527
1528
1530
1533
1536
1537
1544
1548
1549
1553
1556
1562
1564
1570
1572
1578
1579
1586
1588
1593
1595
1596
1598
1601
1610
1611
1621
1625
1629
1630
1634
1636
1649
1654
1666
1667
1670
1682
1693
1696
1700
1707
1709
1712
1715
1716
1719
1720
1724
1727
1733
1739
1746
1750
1755
1758
1779
1781
1782
1783
1787
1794
1798
1799
1802
1804
1811
1812
1819
1820
1828
1839
1842
1846
1849
1850
1855
1856
1859
1866
1869
1870
1877
1886
1887
1890
1896
1898
1907
1909
1910
1914
1919
1921
1923
1926
1933
1934
1942
1943
1944
1947
1955
1958
1959
1960
1966
1970
1974
1978
1983
1990
1994
1995
2003
2004
2006
2007
2012
2014
2015
2020
2022
2025
2031
2034
2041
2046
2076
2080
2088
2093
2100
2109
2122
2128
2129
2134
2138
2141
2152
2167
2169
2176
2178
2183
2187
2190
2193
2195
2203
2209
2217
2222
2226
2236
2244
2249
2252
2253
2258
2275
2281
2282
2289
2295
2303
2304
2305
2319
2320
2324
2328
2335
2341
2349
2351
2357
2359
2366
2367
2370
2378
2379
2390
2395
2396
2397
2405
2418
2419
2423
2424
2425
2442
2450
2459
2465
2472
2475
2489
2499
2505
2509
2513
2517
2523
2526
2528
2538
2541
2544
2546
2549
2555
2558
2560
2564
2568
2569
2573
2587
2593
2597
2601
2606
2611
2615
2616
2618
2624
2626
2628
2631
2644
2651
2657
2665
2666
2669
2672
2676
2679
2681
2682
2684
2689
2694
2701
2710
2714
2715
2716
2720
2723
2730
2731
2733
2740
2741
2749
2754
2759
2763
2773
2784
2785
2787
2789
2798
2799
2811
2814
2817
2819
2820
2829
2830
2831
2836
2843
2846
2855
2866
2870
2871
2875
2881
2891
2912
2916
2918
2924
2929
2939
2941
2943
2949
2952
2953
2961
2967
2969
2978
2985
2986
2998
3000
3014
3021
3029
3033
3034
3052
3053
3054
3061
3065
3066
3068
3069
3073
3074
3076
3080
3082
3086
3087
3088
3090
3091
3103
3106
3113
3114
3120
3122
3131
3136
3140
3142
3145
3148
3149
3168
3175
3190
3196
3198
3203
3204
3216
3244
3265
3267
3273
3280
3293
3298
3306
3308
3312
3316
3357
3358
3364
3368
3370
3376
3378
3379
3386
3387
3400
3402
3407
3409
3417
3419
3450
3454
3466
3468
3472
3486
3489
3494
3499
3506
3512
3519
3523
3526
3530
3537
3542
3543
3555
3556
3558
3560
3565
3569
3574
3583
3590
3591
3596
3598
3600
3607
3614
3616
3621
3656
3660
3664
3669
3671
3672
3673
3677
3682
3688
3689
3691
3694
3695
3696
3702
3708
3709
3711
3722
3723
3729
3734
3736
3742
3744
3748
3761
3764
3766
3771
3778
3781
3783
3785
3790
3791
3797
3798
3799
3800
3808
3809
3812
3816
3820
3822
3830
3831
3836
3845
3850
3855
3864
3866
3867
3870
3878
3879
3885
3891
3892
3896
3905
3909
3912
3916
3923
3930
3934
3942
3949
3955
3958
3966
3984
3989
3991
3996
3999
4008
4014
4036
4038
4048
4060
4069
4071
4072
4078
4082
4088
4093
4098
4099
4100
4102
4105
4108
4112
4114
4116
4126
4132
4137
4154
4155
4158
4160
4162
4165
4176
4180
4183
4184
4196
4198
4200
4203
4204
4206
4212
4224
4225
4226
4238
4240
4250
4253
4261
4271
4272
4273
4276
4278
4290
4296
4301
4303
4304
4307
4308
4319
4328
4331
4347
4361
4366
4372
4379
4381
4389
4394
4404
4414
4419
4421
4423
4433
4446
4449
4451
4453
4456
4462
4480
4482
4483
4490
4496
4506
4509
4512
4514
4516
4518
4525
4528
4532
4537
4547
4550
4555
4561
4562
4568
4570
4572
4576
4584
4598
4601
4602
4606
4621
4636
4652
4653
4656
4659
4669
4670
4690
4696
4699
4701
4707
4709
4710
4711
4718
4719
4723
4724
4732
4733
4739
4744
4748
4758
4760
4762
4765
4775
4776
4784
4786
4789
4797
4802
4803
4807
4820
4824
4825
4832
4835
4840
4841
4844
4853
4854
4864
4865
4870
4872
4873
4874
4879
4897
4906
4910
4915
4918
4919
4920
4932
4933
4935
4939
4942
4943
4952
4953
4955
4956
4960
4961
4963
4965
4966
4968
4971
4973
4979
4982
4983
4985
4996
5000
5002
5009
5010
5012
5019
5020
5030
5033
5035
5043
5044
5045
5048
5050
5051
5066
5068
5071
5074
5075
5091
5092
5096
5098
5104
5105
5106
5108
5110
5113
5121
5124
5126
5131
5137
5144
5145
5149
5160
5161
5163
5168
5175
5181
5182
5183
5190
5195
5206
5211
5212
5228
5230
5239
5247
5255
5270
5272
5283
5293
5295
5297
5299
5305
5310
5311
5314
5316
5319
5326
5327
5334
5335
5342
5352
5353
5354
5358
5359
5379
5383
5393
5406
5407
5413
5425
5433
5457
5465
5466
5475
5483
5493
5500
5501
5504
5506
5512
5525
5529
5530
5536
5537
5539
5540
5541
5549
5558
5567
5577
5581
5583
5597
5598
5600
5603
5604
5606
5609
5614
5631
5639
5642
5644
5645
5648
5652
5654
5655
5667
5680
5683
5691
5696
5697
5698
5699
5701
5703
5716
5721
5735
5742
5743
5749
5752
5756
5765
5768
5773
5777
5780
5781
5786
5787
5789
5795
5796
5799
5800
5809
5810
5813
5823
5826
5827
5828
5838
5840
5848
5852
5870
5871
5874
5876
5885
5889
5890
5894
5897
5899
5901
5903
5904
5905
5908
5912
5914
5915
5919
5923
5926
5927
5931
5933
5935
5936
5950
5953
5956
5958
5962
5969
5971
5984
5985
5993
5996
5997
6009
6010
6014
6016
6018
6027
6028
6033
6038
6039
6043
6048
6050
6054
6057
6058
6059
6062
6070
6072
6075
6076
6087
6088
6096
6097
6102
6110
6111
6118
6121
6132
6172
6178
6191
6195
6201
6205
6212
6214
6227
6228
6248
6256
6258
6261
6265
6268
6271
6273
6274
6283
6295
6315
6317
6321
6322
6326
6337
6341
6342
6344
6355
6356
6357
6358
6366
6367
6369
6370
6376
6380
6384
6390
6395
6402
6409
6417
6421
6422
6428
6434
6435
6441
6444
6447
6452
6455
6462
6463
6465
6476
6480
6481
6485
6491
6499
6500
6502
6504
6514
6515
6517
6524
6527
6539
6543
6546
6547
6552
6553
6559
6566
6569
6580
6593
6600
6606
6610
6613
6621
6623
6627
6629
6632
6636
6641
6649
6674
6675
6676
6679
6682
6683
6686
6688
6694
6696
6700
6704
6708
6714
6716
6717
6718
6719
6721
6727
6731
6732
6735
6743
6747
6755
6765
6774
6798
6799
6807
6810
6811
6815
6817
6830
6837
6851
6861
6862
6866
6874
6877
6882
6883
6887
6891
6892
6899
6909
6911
6914
6915
6919
6920
6924
6932
6937
6945
6958
6973
6994
6998
7008
7011
7014
7022
7030
7033
7035
7045
7049
7051
7052
7064
7067
7068
7078
7084
7094
7097
7098
7102
7105
7115
7116
7118
7120
7124
7125
7128
7130
7133
7136
7141
7147
7153
7161
7165
7173
7177
7182
7184
7187
7194
7195
7200
7204
7205
7207
7208
7216
7220
7228
7232
7233
7245
7254
7276
7285
7293
7299
7307
7320
7322
7360
7368
7377
7378
7379
7387
7394
7408
7409
7411
7415
7429
7431
7432
7440
7441
7446
7447
7459
7467
7470
7478
7495
7497
7499
7501
7514
7524
7525
7541
7544
7547
7548
7555
7557
7565
7567
7572
7582
7586
7591
7595
7597
7601
7615
7616
7621
7624
7625
7626
7628
7640
7642
7644
7648
7656
7663
7665
7667
7676
7681
7684
7686
7701
7704
7709
7720
7721
7723
7733
7735
7750
7751
7756
7766
7767
7771
7775
7777
7778
7779
7786
7789
7795
7804
7808
7811
7822
7830
7831
7836
7837
7845
7847
7849
7851
7861
7863
7873
7875
7881
7885
7895
7897
7903
7905
7907
7911
7917
7918
7926
7927
7930
7939
7945
7948
7950
7951
7956
7957
7959
7981
7984
7989
7995
7997
8001
8003
8004
8015
8020
8036
8038
8039
8042
8045
8046
8047
8051
8057
8065
8069
8072
8081
8085
8098
8101
8105
8115
8120
8121
8125
8131
8134
8136
8140
8151
8155
8156
8157
8159
8160
8164
8166
8171
8176
8177
8179
8183
8189
8192
8197
8204
8205
8211
8216
8242
8243
8246
8248
8252
8255
8259
8262
8264
8266
8267
8287
8289
8310
8321
8326
8327
8328
8333
8336
8343
8349
8352
8360
8365
8366
8374
8375
8376
8394
8395
8397
8398
8399
8400
8405
8409
8412
8415
8418
8427
8429
8434
8438
8443
8456
8458
8477
8480
8485
8487
8488
8491
8499
8508
8516
8520
8524
8540
8550
8552
8553
8561
8562
8564
8570
8577
8583
8589
8590
8594
8597
8609
8611
8612
8615
8626
8627
8632
8640
8646
8649
8661
8666
8667
8679
8684
8689
8695
8697
8700
8701
8703
8706
8707
8716
8717
8718
8721
8731
8736
8750
8758
8762
8770
8771
8776
8778
8783
8787
8793
8794
8799
8800
8804
8819
8825
8827
8828
8846
8853
8855
8859
8874
8884
8885
8886
8888
8890
8901
8902
8905
8906
8910
8912
8914
8915
8916
8920
8928
8929
8931
8939
8945
8956
8971
8982
8986
8994
8995
8997
8998
8999
9005
9012
9013
9023
9026
9028
9029
9036
9039
9047
9050
9057
9072
9074
9076
9083
9090
9097
9099
9100
9106
9109
9113
9118
9134
9139
9144
9148
9154
9169
9172
9174
9178
9180
9184
9185
9188
9189
9195
9198
9199
9201
9206
9210
9214
9233
9238
9243
9245
9255
9256
9260
9267
9269
9270
9274
9276
9279
9283
9289
9290
9294
9301
9304
9305
9310
9312
9317
9319
9320
9324
9335
9337
9346
9347
9358
9362
9367
9372
9375
9377
9378
9379
9381
9386
9388
9396
9407
9416
9418
9422
9423
9428
9445
9451
9456
9464
9465
9466
9470
9477
9484
9489
9490
9491
9493
9496
9498
9499
9500
9501
9509
9514
9515
9520
9521
9523
9524
9532
9533
9534
9541
9542
9545
9551
9552
9553
9560
9562
9566
9567
9568
9569
9570
9571
9573
9574
9583
9587
9608
9612
9625
9627
9630
9633
9635
9636
9639
9645
9648
9653
9661
9662
9667
9669
9673
9682
9687
9693
9694
9699
9703
9704
9705
9706
9716
9717
9722
9726
9727
9740
9742
9755
9766
9769
9775
9778
9782
9788
9801
9802
9803
9810
9815
9816
9823
9828
9829
9834
9835
9842
9846
9849
9850
9861
9873
9875
9876
9882
9894
9928
9934
9947
9958
9962
9966
9967
9970
9972
9981
9982
9993
9994
9997
9999
10000
10002
10015
10016
10020
10021
10022
10034
10039
10040
10042
10048
10049
10052
10054
10057
10086
10092
10094
10101
10102
10107
10108
10109
10110
10116
10125
10134
10135
10136
10138
10145
10162
10165
10166
10179
10181
10182
10198
10199
10205
10207
10215
10218
10219
10222
10226
10231
10234
10235
10240
10259
10260
10263
10269
10270
10272
10278
10280
10295
10296
10303
10309
10311
10318
10320
10336
10343
10355
10357
10359
10360
10363
10364
10366
10382
10383
10384
10395
10401
10413
10418
10421
10430
10443
10448
10450
10462
10470
10473
10482
10483
10504
10506
10510
10513
10520
10522
10523
10524
10525
10531
10540
10544
10545
10549
10551
10552
10559
10570
10579
10580
10582
10585
10586
10588
10596
10604
10607
10614
10625
10629
10645
10651
10662
10666
10667
10669
10683
10687
10691
10693
10701
10706
10730
10731
10733
10734
10737
10738
10740
10745
10759
10781
10783
10789
10825
10828
10833
10842
10849
10853
10856
10861
10872
10877
10881
10892
10893
10905
10909
10913
10920
10922
10941
10942
10945
10948
10949
10954
10958
10959
10968
10972
10973
10977
10993
11002
11004
11009
11012
11014
11019
11037
11041
11048
11051
11072
11081
11091
11096
11097
11099
11104
11105
11109
11111
11117
11123
11124
11128
11136
11157
11165
11167
11170
11171
11183
11192
11197
11199
11200
11202
11206
11207
11209
11211
11220
11240
11244
11249
11267
11271
11277
11282
11301
11306
11326
11330
11332
11336
11338
11339
11348
11359
11367
11368
11369
11372
11378
11379
11380
11392
11393
11394
11395
11398
11404
11406
11410
11412
11413
11418
11419
11425
11426
11431
11434
11438
11441
11452
11453
11455
11465
11469
11484
11485
11486
11519
11524
11526
11531
11535
11538
11539
11545
11546
11547
11555
11564
11581
11589
11598
11600
11607
11609
11617
11624
11629
11632
11637
11644
11646
11647
11650
11653
11661
11667
11671
11674
11685
11686
11695
11697
11700
11701
11711
11713
11714
11715
11716
11720
11724
11726
11728
11729
11733
11738
11742
11744
11746
11747
11752
11753
11757
11759
11761
11774
11785
11788
11789
11791
11792
11803
11809
11811
11813
11815
11816
11820
11828
11834
11842
11843
11850
11856
11861
11878
11883
11896
11901
11904
11912
11916
11923
11948
11949
11953
11956
11961
11963
11983
11985
11996
12001
12015
12016
12029
12033
12034
12040
12051
12058
12061
12066
12067
12069
12078
12086
12092
12101
12111
12114
12116
12117
12118
12133
12137
12139
12142
12152
12172
12176
12184
12191
12199
12204
12216
12229
12233
12237
12241
12248
12255
12264
12277
12283
12284
12285
12294
12295
12300
12304
12318
12321
12322
12324
12329
12333
12335
12338
12342
12345
12351
12358
12361
12362
12365
12367
12368
12374
12375
12378
12379
12409
12412
12416
12419
12425
12431
12434
12437
12438
12450
12454
12457
12458
12463
12478
12486
12490
12493
12495
12513
12528
12540
12546
12547
12563
12566
12572
12576
12578
12580
12588
12605
12606
12611
12618
12620
12626
12633
12638
12660
12661
12662
12667
12675
12678
12679
12680
12686
12687
12689
12695
12696
12704
12719
12721
12722
12724
12728
12752
12754
12763
12769
12774
12777
12781
12782
12793
12801
12802
12808
12816
12820
12823
12824
12825
12835
12844
12848
12869
12872
12881
12884
12888
12892
12896
12897
12912
12917
12919
12924
12926
12933
12934
12936
12938
12943
12946
12955
12960
12961
12966
12967
12978
12981
12983
12984
12987
12992
12994
12995
12996
12997
13003
13009
13010
13012
13020
13026
13032
13035
13038
13041
13044
13053
13056
13058
13059
13071
13074
13079
13081
13084
13088
13091
13095
13098
13108
13109
13110
13113
13116
13117
13119
13126
13132
13136
13137
13142
13143
13151
13161
13164
13166
13167
13168
13178
13181
13183
13184
13194
13200
13201
13223
13226
13229
13239
13242
13261
13263
13265
13268
13273
13275
13278
13289
13295
13310
13319
13330
13332
13335
13337
13342
13360
13369
13371
13373
13376
13381
13382
13391
13394
13399
13402
13404
13416
13439
13448
13451
13453
13455
13458
13471
13474
13475
13483
13487
13491
13492
13498
13503
13513
13524
13535
13539
13543
13545
13554
13557
13560
13563
13577
13588
13589
13597
13599
13615
13617
13618
13620
13630
13633
13637
13638
13639
13640
13647
13651
13653
13660
13661
13665
13667
13668
13670
13677
13685
13693
13695
13696
13699
13703
13704
13711
13714
13724
13729
13732
13738
13742
13748
13768
13772
13773
13775
13776
13777
13781
13787
13790
13791
13793
13807
13816
13821
13822
13832
13848
13853
13864
13865
13868
13869
13878
13890
13901
13911
13929
13931
13945
13951
13955
13963
13984
13990
13991
14011
14019
14023
14028
14029
14036
14042
14050
14060
14073
14075
14076
14077
14090
14094
14103
14111
14115
14119
14120
14125
14130
14133
14137
14143
14146
14149
14151
14154
14158
14161
14162
14171
14180
14191
14194
14199
14200
14202
14206
14213
14214
14223
14225
14233
14235
14236
14239
14240
14245
14248
14255
14268
14274
14275
14276
14279
14281
14287
14290
14296
14297
14303
14304
14309
14311
14314
14317
14319
14321
14326
14330
14334
14341
14346
14347
14357
14360
14362
14365
14368
14380
14395
14399
14402
14417
14422
14425
14428
14433
14438
14442
14451
14452
14456
14458
14464
14467
14471
14473
14477
14485
14489
14492
14495
14497
14503
14506
14511
14512
14517
14537
14540
14541
14549
14585
14589
14591
14592
14609
14613
14622
14635
14636
14637
14638
14650
14659
14671
14673
14681
14683
14684
14686
14688
14692
14695
14700
14702
14708
14713
14715
14716
14724
14725
14731
14739
14741
14757
14775
14776
14777
14778
14786
14788
14794
14796
14801
14808
14820
14822
14829
14833
14837
14839
14844
14846
14859
14868
14874
14876
14886
14894
14903
14908
14910
14911
14916
14918
14921
14922
14923
14927
14932
14933
14937
14949
14959
14964
14966
14982
14992
14998
15002
15005
15006
15020
15021
15024
15033
15034
15040
15041
15042
15052
15056
15058
15059
15060
15064
15068
15072
15080
15084
15086
15091
15104
15112
15119
15120
15125
15128
15129
15134
15137
15139
15165
15172
15179
15182
15188
15190
15195
15198
15200
15209
15213
15223
15243
15244
15254
15255
15261
15273
15279
15285
15298
15301
15303
15306
15313
15321
15322
15329
15333
15335
15345
15351
15374
15391
15407
15410
15413
15414
15420
15424
15432
15434
15440
15442
15450
15470
15471
15477
15478
15490
15491
15493
15499
15500
15501
15509
15521
15529
15531
15540
15543
15545
15548
15549
15550
15558
15563
15570
15578
15583
15584
15586
15588
15603
15604
15605
15614
15615
15640
15651
15653
15654
15655
15658
15663
15669
15673
15674
15677
15681
15684
15687
15689
15691
15694
15700
15701
15703
15724
15729
15730
15734
15738
15750
15755
15766
15773
15777
15779
15781
15782
15790
15791
15797
15808
15809
15811
15813
15818
15827
15829
15830
15831
15835
15837
15850
15856
15858
15859
15863
15865
15878
15879
15888
15904
15907
15911
15912
15916
15918
15919
15923
15925
15928
15929
15933
15934
15949
15960
15965
15966
15967
15969
15993
15996
15997
16010
16011
16012
16017
16022
16041
16042
16043
16044
16049
16050
16054
16056
16057
16074
16075
16084
16103
16110
16125
16126
16138
16148
16154
16169
16180
16183
16184
16193
16197
16200
16201
16207
16210
16211
16213
16225
16227
16230
16241
16242
16244
16254
16257
16260
16261
16265
16270
16274
16279
16280
16282
16289
16296
16298
16300
16308
16325
16326
16327
16333
16351
16358
16359
16364
16366
16367
16369
16377
16381
16388
16392
16396
16401
16402
16405
16415
16417
16427
16430
16438
16441
16446
16447
16453
16456
16460
16468
16485
16488
16493
16498
16506
16507
16515
16522
16523
16526
16533
16548
16550
16553
16554
16557
16558
16559
16566
16569
16573
16586
16587
16590
16592
16598
16605
16606
16614
16638
16640
16660
16664
16666
16667
16672
16676
16682
16685
16689
16697
16705
16714
16727
16748
16757
16758
16766
16767
16769
16771
16776
16778
16783
16784
16787
16790
16792
16809
16813
16821
16825
16844
16848
16858
16859
16864
16873
16877
16879
16903
16905
16906
16920
16923
16925
16943
16945
16947
16948
16961
16965
16968
16973
16977
16979
16980
16984
16992
17001
17014
17018
17023
17024
17028
17030
17042
17043
17046
17054
17056
17068
17072
17076
17083
17092
17097
17100
17101
17104
17110
17111
17122
17125
17131
17134
17135
17140
17161
17176
17178
17192
17195
17201
17207
17225
17235
17239
17252
17253
17254
17255
17258
17262
17268
17269
17270
17272
17274
17276
17280
17282
17284
17288
17295
17296
17304
17305
17309
17312
17330
17331
17336
17337
17347
17361
17373
17376
17379
17382
17383
17388
17389
17409
17410
17414
17415
17418
17425
17439
17440
17446
17448
17460
17464
17465
17471
17480
17484
17485
17490
17500
17505
17509
17512
17517
17528
17532
17550
17551
17554
17558
17563
17570
17571
17580
17585
17586
17588
17604
17606
17608
17616
17626
17627
17633
17634
17636
17637
17638
17640
17641
17643
17653
17662
17668
17672
17677
17682
17685
17703
17705
17710
17712
17721
17734
17737
17741
17749
17751
17755
17758
17763
17765
17766
17769
17770
17771
17776
17779
17784
17786
17790
17795
17796
17798
17801
17804
17806
17812
17816
17821
17825
17831
17832
17837
17845
17848
17850
17855
17865
17866
17868
17869
17885
17898
17899
17900
17907
17909
17912
17924
17925
17931
17932
17936
17943
17957
17961
17965
17981
17986
17989
17990
17994
18005
18008
18011
18013
18014
18015
18017
18036
18037
18039
18041
18053
18054
18077
18082
18089
18096
18097
18098
18100
18102
18110
18122
18125
18133
18135
18138
18144
18145
18146
18156
18165
18167
18172
18177
18182
18183
18196
18199
18203
18204
18211
18212
18217
18228
18230
18232
18249
18258
18259
18261
18265
18267
18271
18278
18288
18297
18313
18314
18325
18330
18332
18336
18339
18342
18350
18352
18354
18361
18364
18368
18372
18382
18391
18392
18393
18395
18398
18401
18402
18404
18406
18408
18411
18422
18428
18434
18442
18444
18458
18460
18468
18473
18476
18479
18480
18481
18482
18486
18489
18491
18493
18496
18497
18501
18504
18522
18528
18534
18535
18536
18539
18542
18544
18552
18564
18567
18583
18584
18585
18586
18591
18597
18607
18611
18620
18625
18631
18634
18644
18645
18647
18651
18660
18673
18676
18682
18709
18714
18718
18720
18731
18737
18738
18746
18748
18761
18764
18766
18773
18781
18785
18787
18788
18796
18799
18803
18813
18820
18823
18827
18830
18834
18836
18840
18857
18860
18862
18863
18864
18887
18890
18896
18897
18898
18899
18913
18944
18945
18951
18961
18967
18971
18981
18987
18994
18996
19008
19011
19022
19023
19029
19037
19044
19045
19047
19059
19065
19085
19091
19092
19099
19112
19114
19119
19123
19128
19129
19135
19141
19156
19158
19162
19173
19174
19176
19177
19178
19184
19187
19194
19197
19198
19199
19200
19202
19209
19215
19218
19222
19223
19233
19234
19238
19249
19255
19260
19267
19272
19285
19292
19296
19301
19311
19312
19316
19320
19330
19331
19333
19334
19338
19341
19349
19350
19359
19367
19368
19374
19375
19379
19381
19382
19384
19400
19404
19405
19409
19419
19420
19421
19427
19439
19443
19448
19451
19453
19456
19457
19459
19463
19464
19465
19468
19474
19475
19480
19481
19491
19493
19510
19516
19520
19522
19524
19525
19531
19533
19534
19535
19537
19544
19566
19568
19578
19584
19611
19612
19619
19620
19626
19636
19645
19647
19652
19667
19669
19674
19675
19676
19686
19689
19692
19699
19700
19701
19713
19714
19719
19723
19724
19729
19732
19746
19773
19775
19776
19777
19778
19785
19788
19791
19798
19806
19808
19810
19814
19816
19819
19827
19831
19836
19839
19845
19867
19869
19877
19885
19887
19891
19896
19898
19910
19915
19922
19929
19931
19932
19938
19945
19949
19950
19952
19953
19956
19964
19971
19972
19984
19999
20007
20012
20014
20020
20024
20034
20035
20059
20060
20063
20068
20072
20073
20077
20078
20082
20088
20098
20101
20104
20106
20108
20109
20110
20114
20120
20130
20132
20134
20139
20152
20157
20158
20162
20163
20164
20168
20170
20173
20174
20175
20181
20183
20184
20186
20189
20191
20194
20200
20203
20206
20214
20215
20216
20239
20242
20245
20247
20259
20260
20270
20274
20276
20277
20281
20295
20296
20300
20309
20320
20339
20340
20342
20346
20347
20360
20361
20365
20366
20371
20383
20388
20391
20393
20408
20412
20414
20416
20420
20424
20426
20435
20437
20451
20459
20462
20470
20471
20472
20473
20479
20484
20493
20494
20496
20497
20498
20501
20503
20507
20523
20541
20561
20564
20572
20578
20579
20586
20588
20594
20600
20604
20606
20616
20619
20622
20624
20626
20636
20645
20651
20653
20655
20661
20662
20665
20666
20669
20680
20683
20684
20688
20690
20694
20697
20698
20712
20713
20714
20718
20724
20731
20732
20752
20753
20756
20758
20764
20766
20767
20768
20772
20789
20802
20805
20809
20813
20821
20824
20829
20837
20847
20850
20866
20869
20874
20882
20883
20885
20913
20918
20924
20927
20932
20934
20959
20961
20967
20969
20971
20974
20979
20981
20982
20983
20984
20987
20991
20992
20996
20997
21013
21015
21016
21018
21026
21027
21033
21034
21038
21055
21056
21062
21065
21075
21076
21080
21082
21083
21087
21107
21109
21113
21118
21119
21132
21133
21135
21148
21159
21167
21168
21171
21176
21177
21181
21183
21186
21187
21189
21193
21194
21196
21197
21198
21202
21204
21206
21211
21214
21217
21219
21223
21227
21230
21238
21242
21247
21260
21268
21280
21291
21293
21294
21314
21319
21326
21327
21333
21335
21336
21340
21348
21349
21351
21352
21359
21361
21366
21369
21370
21372
21374
21386
21390
21398
21403
21407
21409
21414
21416
21427
21429
21439
21444
21448
21458
21461
21465
21468
21476
21479
21482
21493
21497
21498
21502
21507
21510
21511
21516
21517
21518
21520
21527
21528
21542
21552
21555
21569
21582
21583
21585
21590
21591
21592
21593
21603
21604
21607
21612
21614
21620
21621
21622
21630
21632
21635
21637
21642
21648
21661
21666
21670
21671
21675
21685
21691
21698
21706
21714
21720
21723
21725
21731
21732
21733
21737
21738
21744
21754
21757
21762
21773
21782
21792
21795
21810
21816
21817
21832
21835
21841
21854
21868
21873
21885
21886
21892
21893
21898
21901
21905
21910
21913
21919
21922
21924
21929
21931
21934
21936
21945
21949
21951
21952
21962
21964
21978
21984
21986
21992
21999
22005
22013
22018
22022
22028
22031
22038
22051
22054
22064
22085
22088
22092
22093
22095
22097
22105
22117
22127
22143
22149
22150
22153
22160
22167
22176
22178
22185
22188
22192
22195
22197
22201
22202
22204
22210
22212
22213
22216
22222
22224
22243
22244
22249
22260
22265
22297
22300
22305
22311
22312
22313
22315
22323
22324
22327
22334
22338
22344
22354
22356
22358
22364
22367
22379
22384
22387
22388
22399
22403
22414
22416
22422
22436
22442
22444
22451
22452
22456
22461
22463
22465
22473
22481
22485
22489
22492
22493
22495
22496
22507
22508
22510
22511
22515
22516
22520
22527
22530
22532
22535
22537
22544
22553
22559
22579
22582
22583
22596
22604
22618
22635
22636
22640
22642
22644
22647
22648
22649
22659
22674
22677
22682
22684
22685
22691
22702
22706
22707
22712
22714
22720
22739
22745
22747
22750
22752
22759
22763
22766
22770
22781
22789
22795
22797
22805
22812
22815
22823
22826
22838
22841
22844
22856
22863
22865
22866
22870
22874
22877
22880
22882
22883
22886
22887
22888
22889
22893
22895
22896
22898
22902
22904
22906
22914
22917
22918
22919
22924
22940
22952
22953
22959
22961
22962
22966
22968
22969
22974
22978
22981
22983
22989
22994
23008
23011
23020
23031
23034
23037
23044
23054
23056
23060
23061
23064
23065
23067
23076
23078
23093
23099
23102
23111
23114
23117
23118
23120
23135
23139
23151
23159
23163
23165
23168
23173
23176
23183
23185
23186
23187
23193
23204
23207
23210
23220
23222
23232
23241
23243
23248
23253
23258
23265
23269
23270
23273
23275
23276
23279
23298
23303
23313
23320
23327
23340
23342
23343
23348
23350
23352
23353
23355
23360
23363
23367
23368
23371
23382
23388
23393
23395
23399
23401
23408
23414
23416
23420
23426
23427
23429
23449
23454
23459
23462
23467
23468
23483
23491
23499
23502
23503
23508
23509
23510
23521
23522
23533
23540
23543
23552
23558
23559
23561
23562
23566
23570
23574
23593
23594
23603
23604
23606
23620
23628
23630
23638
23643
23650
23664
23666
23670
23671
23674
23675
23676
23678
23681
23691
23696
23701
23703
23710
23716
23728
23732
23739
23749
23766
23768
23769
23780
23784
23785
23786
23794
23804
23806
23808
23813
23814
23828
23829
23832
23845
23853
23857
23868
23870
23872
23875
23877
23879
23903
23905
23922
23926
23954
23958
23970
23977
23982
23999
24003
24005
24008
24025
24036
24039
24040
24042
24053
24056
24062
24064
24067
24072
24079
24082
24092
24093
24096
24098
24102
24109
24111
24116
24126
24128
24131
24133
24140
24147
24154
24157
24160
24168
24170
24174
24199
24209
24213
24219
24225
24228
24231
24233
24256
24261
24269
24270
24274
24275
24280
24282
24291
24294
24298
24299
24300
24301
24303
24306
24310
24320
24325
24327
24333
24342
24349
24353
24362
24374
24378
24383
24391
24403
24404
24411
24412
24413
24414
24416
24417
24432
24435
24441
24444
24449
24450
24454
24458
24459
24462
24466
24469
24472
24479
24480
24491
24494
24502
24507
24518
24519
24520
24521
24530
24537
24538
24540
24543
24544
24545
24547
24555
24573
24576
24577
24580
24581
24585
24587
24589
24593
24595
24601
24602
24607
24614
24617
24620
24621
24622
24623
24629
24631
24632
24634
24648
24649
24655
24657
24668
24670
24672
24678
24679
24687
24690
24692
24710
24711
24714
24716
24733
24737
24745
24751
24756
24768
24769
24770
24772
24779
24789
24799
24800
24801
24802
24809
24810
24812
24818
24821
24824
24828
24839
24842
24859
24863
24867
24868
24870
24876
24880
24881
24884
24892
24895
24896
24897
24902
24905
24906
24915
24916
24917
24918
24924
24925
24926
24929
24930
24932
24936
24940
24955
24957
24970
24994
25000
25006
25013
25020
25025
25039
25041
25042
25047
25058
25059
25078
25079
25087
25093
25094
25099
25101
25107
25112
25114
25120
25121
25124
25141
25144
25145
25147
25151
25161
25162
25166
25168
25172
25176
25187
25199
25202
25213
25214
25220
25222
25226
25227
25229
25235
25236
25237
25245
25247
25295
25307
25314
25317
25319
25321
25322
25326
25329
25333
25339
25340
25343
25344
25348
25352
25353
25366
25370
25373
25378
25384
25386
25390
25393
25398
25405
25415
25417
25420
25438
25444
25446
25451
25455
25465
25477
25482
25495
25497
25509
25512
25514
25515
25520
25521
25522
25523
25526
25528
25533
25537
25566
25569
25576
25578
25580
25581
25582
25588
25589
25596
25601
25603
25610
25631
25637
25638
25639
25641
25647
25651
25652
25653
25664
25665
25667
25669
25673
25677
25686
25688
25689
25697
25698
25701
25712
25713
25714
25724
25725
25729
25735
25737
25739
25746
25757
25763
25767
25769
25773
25778
25787
25789
25793
25795
25800
25801
25806
25807
25813
25814
25819
25835
25836
25846
25847
25852
25860
25862
25865
25866
25870
25873
25883
25888
25890
25892
25898
25900
25907
25908
25911
25916
25917
25920
25926
25929
25930
25936
25946
25960
25962
25976
25984
25988
25994
26001
26002
26003
26010
26011
26015
26021
26036
26037
26041
26042
26050
26051
26055
26073
26074
26086
26088
26106
26107
26110
26112
26113
26121
26131
26132
26134
26140
26141
26144
26146
26147
26171
26179
26190
26203
26206
26210
26211
26215
26225
26231
26233
26236
26248
26253
26254
26256
26262
26263
26268
26270
26277
26283
26285
26286
26288
26289
26313
26314
26318
26323
26325
26327
26328
26329
26330
26340
26346
26347
26352
26360
26371
26375
26376
26380
26387
26393
26397
26399
26412
26416
26419
26424
26426
26429
26437
26440
26444
26447
26453
26454
26459
26460
26462
26465
26470
26474
26475
26480
26486
26487
26493
26497
26501
26502
26504
26512
26518
26519
26523
26525
26526
26532
26541
26549
26551
26556
26559
26565
26567
26570
26571
26575
26589
26590
26605
26607
26609
26611
26613
26614
26615
26616
26619
26620
26625
26643
26650
26654
26656
26658
26665
26667
26669
26676
26678
26680
26682
26689
26694
26696
26697
26698
26705
26715
26718
26720
26722
26727
26728
26729
26737
26738
26741
26747
26749
26752
26758
26760
26761
26763
26764
26765
26771
26772
26776
26777
26783
26800
26818
26829
26830
26833
26834
26835
26839
26845
26846
26849
26855
26858
26863
26866
26867
26868
26871
26900
26904
26909
26937
26938
26940
26973
26975
26976
26980
26982
26988
26990
26994
26998
27002
27004
27007
27013
27027
27032
27034
27038
27044
27048
27051
27058
27066
27067
27070
27084
27088
27090
27093
27100
27101
27104
27106
27113
27115
27129
27131
27141
27144
27146
27162
27166
27172
27192
27206
27210
27213
27215
27221
27222
27223
27240
27241
27245
27246
27251
27254
27272
27274
27280
27290
27291
27305
27307
27329
27334
27338
27341
27348
27352
27362
27379
27386
27397
27400
27402
27407
27409
27416
27420
27427
27430
27434
27439
27442
27445
27447
27451
27463
27483
27484
27492
27494
27497
27505
27515
27517
27525
27526
27547
27549
27551
27553
27555
27557
27575
27576
27579
27580
27587
27588
27601
27613
27626
27631
27641
27645
27646
27651
27652
27658
27667
27678
27680
27681
27687
27690
27694
27706
27718
27719
27725
27734
27735
27736
27737
27742
27745
27747
27751
27752
27758
27762
27764
27768
27777
27779
27783
27787
27793
27798
27800
27803
27815
27819
27831
27832
27837
27842
27843
27844
27850
27855
27857
27864
27868
27869
27873
27874
27875
27878
27890
27894
27896
27899
27900
27902
27903
27908
27911
27918
27921
27923
27925
27926
27927
27939
27942
27943
27959
27962
27972
27973
27975
27981
27982
27983
27984
27986
28001
28011
28017
28022
28028
28034
28036
28041
28048
28055
28060
28065
28070
28082
28084
28086
28098
28103
28113
28117
28121
28139
28144
28147
28152
28155
28161
28162
28173
28174
28178
28181
28194
28196
28198
28201
28202
28212
28217
28221
28230
28233
28235
28237
28243
28245
28246
28264
28268
28270
28272
28275
28286
28297
28298
28307
28313
28322
28337
28347
28348
28361
28369
28372
28373
28377
28380
28393
28399
28407
28408
28412
28415
28419
28421
28422
28432
28438
28439
28441
28443
28445
28454
28455
28457
28470
28474
28480
28481
28489
28492
28501
28502
28512
28517
28523
28524
28527
28528
28532
28543
28544
28555
28558
28575
28583
28584
28585
28586
28591
28592
28597
28603
28605
28610
28612
28625
28628
28630
28635
28641
28643
28648
28649
28666
28671
28673
28676
28681
28690
28691
28693
28697
28702
28703
28725
28736
28738
28740
28746
28752
28754
28756
28763
28781
28789
28792
28798
28803
28807
28808
28813
28815
28816
28837
28839
28841
28847
28852
28855
28858
28871
28874
28875
28876
28887
28890
28892
28896
28897
28902
28915
28917
28918
28929
28939
28949
28954
28958
28964
28972
28981
28983
28989
28994
28996
29009
29016
29023
29041
29043
29046
29051
29053
29058
29059
29065
29069
29074
29076
29083
29106
29109
29113
29116
29117
29118
29127
29133
29144
29159
29161
29163
29165
29186
29193
29196
29202
29203
29209
29216
29224
29229
29238
29250
29252
29254
29256
29258
29259
29260
29269
29279
29288
29291
29294
29295
29300
29302
29313
29318
29328
29332
29333
29342
29344
29352
29362
29365
29378
29382
29385
29388
29391
29409
29413
29419
29425
29429
29432
29443
29466
29479
29481
29493
29494
29499
29506
29511
29519
29524
29529
29538
29539
29540
29541
29542
29543
29546
29547
29550
29551
29565
29569
29576
29579
29589
29601
29602
29604
29609
29612
29618
29625
29631
29634
29636
29641
29642
29646
29647
29651
29655
29657
29665
29667
29673
29681
29686
29687
29692
29696
29699
29703
29710
29730
29732
29736
29739
29743
29746
29751
29766
29776
29782
29784
29785
29790
29796
29808
29814
29817
29818
29820
29821
29824
29836
29843
29849
29851
29853
29858
29859
29862
29864
29871
29872
29874
29879
29882
29885
29888
29897
29900
29903
29904
29907
29910
29924
29926
29937
29939
29943
29944
29945
29949
29953
29956
29959
29961
29963
29968
29978
29982
29988
29992
29996
29998
30008
30012
30013
30024
30026
30040
30053
30063
30071
30072
30073
30077
30080
30085
30087
30093
30113
30114
30116
30118
30121
30124
30133
30135
30137
30147
30150
30153
30166
30169
30171
30174
30177
30178
30188
30195
30206
30208
30209
30211
30214
30216
30217
30219
30225
30230
30237
30238
30247
30251
30278
30281
30290
30295
30297
30298
30303
30306
30307
30319
30320
30331
30332
30335
30336
30337
30340
30345
30350
30365
30366
30388
30392
30395
30409
30421
30422
30423
30438
30440
30441
30445
30447
30452
30454
30455
30456
30457
30458
30477
30480
30482
30486
30488
30492
30510
30525
30529
30536
30537
30543
30558
30563
30573
30577
30578
30583
30593
30594
30606
30625
30626
30631
30632
30634
30637
30639
30640
30650
30652
30655
30658
30659
30664
30675
30680
30681
30686
30688
30699
30703
30715
30727
30729
30732
30736
30737
30742
30750
30752
30759
30762
30763
30771
30779
30785
30792
30800
30808
30810
30813
30822
30834
30835
30858
30878
30881
30885
30888
30895
30900
30902
30903
30904
30905
30908
30909
30912
30916
30918
30919
30920
30934
30941
30947
30949
30951
30960
30963
30964
30969
30972
30983
30991
30999
31001
31002
31003
31008
31010
31011
31022
31023
31027
31029
31030
31038
31042
31048
31056
31065
31081
31098
31101
31105
31107
31109
31114
31115
31121
31122
31129
31133
31154
31158
31160
31167
31178
31181
31184
31189
31202
31207
31209
31210
31213
31226
31249
31252
31255
31257
31267
31276
31280
31286
31295
31296
31299
31301
31313
31314
31317
31323
31325
31327
31330
31337
31340
31344
31349
31356
31362
31363
31366
31371
31378
31381
31384
31385
31390
31391
31395
31397
31408
31422
31427
31437
31439
31445
31457
31462
31469
31472
31479
31483
31484
31490
31494
31498
31499
31503
31504
31505
31506
31513
31514
31524
31532
31533
31536
31542
31544
31548
31551
31556
31559
31569
31571
31572
31578
31579
31580
31581
31585
31589
31597
31604
31610
31612
31615
31619
31630
31633
31641
31649
31665
31668
31672
31684
31689
31690
31696
31697
31698
31700
31701
31702
31704
31719
31722
31724
31727
31730
31745
31746
31762
31764
31769
31770
31775
31777
31782
31783
31786
31788
31789
31790
31807
31809
31812
31816
31823
31824
31841
31842
31844
31855
31856
31858
31864
31866
31877
31880
31887
31890
31899
31912
31916
31919
31926
31929
31930
31949
31953
31959
31968
31971
31973
31975
31981
31985
31991
31993
31996
