1
6
21
25
32
48
57
63
72
74
76
86
89
92
101
107
110
114
115
117
121
124
127
145
157
162
170
181
187
188
194
199
204
205
213
216
231
232
234
237
238
239
254
259
261
270
272
273
279
291
308
309
315
320
322
323
326
327
328
329
336
337
339
351
353
355
373
385
391
400
406
415
421
422
423
427
429
445
451
463
469
472
478
483
485
488
500
501
502
512
514
515
518
527
530
533
538
542
544
561
576
577
579
580
583
585
590
595
600
602
612
620
622
623
631
635
637
638
652
654
663
667
669
674
679
681
687
691
693
696
698
699
705
713
718
723
725
736
737
739
741
744
770
773
792
795
798
801
804
808
812
814
816
822
828
833
841
845
846
850
863
864
865
867
871
872
874
877
882
884
886
891
901
907
910
912
913
915
917
921
926
927
932
935
938
939
940
941
942
945
949
950
956
965
971
973
974
982
989
990
992
1006
1018
1019
1020
1021
1023
1030
1037
1040
1041
1043
1044
1046
1055
1056
1058
1061
1064
1065
1066
1069
1072
1076
1077
1083
1087
1094
1101
1111
1113
1126
1128
1142
1146
1149
1159
1162
1165
1169
1174
1178
1180
1183
1188
1189
1206
1213
1215
1218
1222
1229
1246
1249
1255
1256
1263
1269
1274
1275
1280
1285
1288
1291
1298
1309
1315
1325
1327
1330
1332
1342
1348
1355
1357
1358
1360
1363
1364
1374
1376
1381
1383
1384
1388
1393
1394
1396
1401
1415
1423
1424
1427
1438
1442
1445
1458
1463
1464
1470
1479
1480
1483
1488
1489
1496
1499
1506
1507
1510
1512
1514
1515
1522
1526
1534
1535
1550
1557
1567
1581
1582
1589
1599
1600
1614
1615
1617
1618
1623
1632
1635
1639
1647
1653
1656
1658
1674
1676
1679
1689
1691
1694
1702
1703
1710
1711
1717
1749
1751
1756
1760
1767
1773
1784
1786
1790
1793
1795
1803
1805
1813
1818
1822
1829
1830
1835
1848
1853
1857
1862
1863
1865
1881
1882
1897
1906
1913
1917
1918
1924
1925
1930
1940
1945
1953
1956
1972
1976
1982
1985
1987
1997
1998
2001
2005
2008
2009
2019
2021
2032
2035
2036
2038
2054
2055
2057
2059
2061
2062
2064
2066
2068
2075
2082
2105
2117
2121
2126
2127
2130
2136
2139
2145
2148
2155
2157
2172
2173
2179
2184
2186
2191
2192
2210
2214
2218
2221
2237
2239
2243
2251
2254
2255
2261
2264
2267
2269
2270
2276
2288
2292
2293
2296
2297
2299
2300
2301
2306
2308
2315
2327
2330
2333
2336
2338
2342
2346
2350
2352
2355
2361
2363
2365
2369
2373
2398
2399
2408
2410
2414
2416
2428
2431
2432
2433
2438
2440
2447
2456
2457
2460
2468
2471
2484
2490
2496
2502
2507
2510
2525
2552
2553
2559
2566
2567
2571
2572
2575
2577
2578
2582
2584
2589
2596
2599
2600
2629
2633
2645
2646
2661
2696
2697
2703
2711
2713
2719
2738
2739
2743
2747
2748
2764
2767
2770
2771
2772
2782
2783
2801
2803
2809
2813
2821
2823
2828
2834
2837
2850
2851
2852
2853
2860
2864
2876
2879
2880
2882
2884
2888
2903
2904
2906
2910
2911
2913
2931
2932
2946
2947
2950
2954
2958
2963
2966
2971
2976
2977
2979
2987
3019
3020
3022
3026
3038
3042
3051
3059
3064
3072
3081
3085
3096
3104
3111
3112
3118
3121
3125
3126
3129
3132
3135
3141
3146
3152
3155
3158
3160
3170
3171
3173
3181
3183
3186
3187
3189
3199
3201
3202
3205
3206
3217
3224
3227
3231
3232
3238
3249
3254
3256
3259
3264
3269
3274
3283
3285
3292
3294
3296
3322
3324
3328
3332
3341
3342
3345
3348
3350
3352
3366
3373
3388
3410
3415
3423
3426
3428
3431
3434
3442
3446
3448
3455
3462
3463
3467
3469
3471
3476
3479
3488
3495
3496
3510
3514
3515
3522
3525
3538
3550
3551
3557
3563
3564
3566
3568
3570
3578
3579
3580
3588
3603
3604
3625
3629
3631
3632
3637
3644
3655
3663
3668
3674
3675
3678
3686
3690
3699
3717
3730
3731
3732
3733
3737
3740
3749
3758
3759
3760
3762
3763
3765
3773
3775
3779
3788
3789
3810
3818
3829
3835
3837
3861
3873
3876
3889
3900
3901
3902
3906
3910
3917
3925
3927
3928
3931
3932
3943
3948
3953
3954
3960
3963
3964
3973
3979
3983
3985
3986
3997
4003
4004
4009
4010
4012
4013
4017
4021
4023
4024
4025
4034
4039
4044
4052
4054
4056
4064
4066
4074
4075
4076
4081
4087
4090
4095
4106
4117
4118
4119
4134
4135
4136
4139
4140
4150
4159
4168
4170
4173
4174
4177
4178
4179
4185
4186
4189
4192
4195
4209
4213
4219
4223
4230
4232
4235
4236
4239
4245
4246
4248
4256
4259
4260
4266
4267
4268
4274
4275
4285
4293
4295
4299
4313
4316
4317
4320
4321
4326
4330
4332
4336
4345
4346
4354
4359
4362
4364
4374
4376
4377
4385
4393
4410
4412
4413
4420
4422
4425
4431
4434
4440
4442
4444
4448
4454
4467
4468
4469
4488
4494
4501
4513
4523
4538
4540
4542
4556
4560
4571
4577
4585
4589
4590
4591
4592
4593
4594
4603
4614
4615
4619
4630
4631
4635
4639
4645
4648
4650
4657
4658
4667
4671
4673
4681
4682
4685
4692
4694
4712
4714
4715
4720
4725
4726
4734
4736
4738
4746
4751
4753
4755
4771
4773
4781
4790
4792
4794
4795
4800
4801
4804
4812
4813
4822
4826
4827
4828
4831
4837
4845
4846
4855
4860
4863
4866
4869
4871
4881
4884
4895
4896
4900
4908
4911
4912
4926
4930
4938
4941
4947
4950
4951
4969
4978
4980
4993
4999
5017
5018
5029
5040
5054
5064
5065
5067
5079
5085
5087
5099
5100
5101
5107
5115
5116
5122
5128
5138
5140
5142
5146
5162
5165
5166
5171
5173
5179
5184
5193
5197
5198
5200
5205
5208
5209
5215
5219
5222
5225
5235
5236
5240
5241
5245
5246
5248
5252
5253
5264
5265
5268
5274
5275
5278
5281
5306
5307
5313
5315
5318
5321
5324
5329
5330
5331
5336
5339
5345
5347
5360
5364
5368
5373
5374
5376
5389
5401
5404
5405
5414
5420
5429
5430
5438
5441
5443
5444
5445
5448
5455
5460
5476
5479
5489
5490
5491
5492
5496
5510
5514
5517
5518
5520
5523
5528
5543
5548
5551
5552
5553
5557
5562
5563
5576
5582
5584
5586
5588
5595
5596
5602
5610
5618
5620
5623
5624
5629
5630
5635
5641
5646
5647
5649
5653
5660
5661
5663
5664
5665
5668
5692
5700
5708
5710
5713
5714
5722
5723
5727
5729
5733
5739
5748
5750
5751
5758
5761
5766
5772
5790
5793
5811
5815
5821
5824
5825
5829
5830
5831
5841
5843
5851
5855
5856
5857
5859
5864
5865
5867
5868
5888
5891
5892
5893
5900
5910
5913
5918
5921
5924
5925
5952
5964
5966
5973
5974
5980
5994
5995
6006
6019
6021
6029
6034
6037
6042
6044
6045
6049
6052
6053
6055
6060
6061
6066
6073
6083
6093
6099
6100
6106
6109
6119
6128
6130
6141
6142
6144
6150
6159
6160
6162
6166
6171
6173
6175
6182
6183
6185
6193
6198
6204
6209
6216
6218
6219
6220
6231
6232
6234
6240
6241
6245
6246
6247
6250
6254
6257
6260
6262
6263
6275
6281
6285
6301
6312
6314
6319
6325
6333
6347
6349
6350
6351
6352
6353
6359
6363
6364
6371
6379
6381
6385
6389
6398
6401
6403
6413
6415
6420
6423
6432
6440
6450
6458
6460
6466
6467
6469
6471
6478
6482
6488
6492
6494
6495
6501
6506
6508
6511
6520
6521
6525
6526
6533
6537
6544
6554
6561
6564
6565
6574
6576
6578
6579
6581
6583
6585
6586
6589
6592
6596
6601
6603
6607
6608
6611
6615
6622
6626
6640
6643
6644
6645
6646
6654
6660
6661
6662
6669
6673
6685
6689
6690
6701
6709
6713
6720
6728
6737
6741
6745
6748
6752
6753
6767
6768
6771
6772
6779
6780
6784
6787
6789
6792
6793
6796
6800
6801
6802
6808
6809
6812
6819
6821
6822
6825
6833
6844
6845
6852
6856
6860
6870
6871
6875
6895
6896
6900
6902
6903
6912
6926
6929
6931
6941
6943
6959
6960
6971
6975
6980
6988
6995
6999
7004
7009
7012
7013
7026
7027
7039
7040
7041
7042
7043
7047
7050
7056
7062
7065
7074
7077
7087
7093
7095
7096
7103
7104
7110
7112
7117
7126
7127
7131
7132
7134
7139
7143
7148
7151
7154
7158
7160
7169
7172
7179
7181
7183
7190
7197
7202
7209
7211
7214
7215
7221
7222
7224
7237
7238
7241
7242
7246
7250
7253
7255
7258
7260
7263
7268
7273
7279
7287
7298
7301
7306
7309
7323
7327
7331
7334
7336
7339
7340
7343
7345
7346
7350
7351
7354
7358
7361
7372
7373
7375
7381
7382
7385
7388
7397
7399
7413
7416
7422
7426
7433
7439
7445
7451
7454
7455
7456
7462
7463
7464
7469
7485
7490
7502
7504
7505
7507
7509
7518
7520
7521
7522
7536
7554
7556
7562
7568
7570
7579
7581
7584
7585
7589
7590
7592
7594
7600
7603
7606
7608
7614
7618
7619
7627
7629
7631
7635
7638
7643
7650
7652
7653
7659
7660
7668
7674
7695
7699
7702
7708
7713
7714
7718
7719
7724
7726
7730
7744
7752
7760
7763
7764
7769
7774
7782
7791
7793
7794
7797
7810
7815
7824
7825
7839
7840
7842
7843
7853
7856
7869
7872
7890
7906
7908
7912
7913
7920
7921
7924
7928
7938
7942
7944
7946
7958
7962
7967
7968
7969
7972
7973
7974
7991
8005
8008
8012
8016
8017
8019
8028
8035
8037
8040
8044
8050
8052
8054
8059
8067
8074
8076
8082
8097
8104
8109
8113
8114
8116
8122
8123
8127
8138
8146
8162
8168
8180
8193
8194
8196
8199
8214
8215
8221
8224
8228
8240
8247
8251
8260
8263
8268
8270
8271
8278
8279
8285
8291
8295
8303
8306
8313
8320
8323
8335
8342
8344
8350
8351
8363
8373
8377
8379
8386
8390
8413
8419
8423
8424
8431
8433
8436
8457
8461
8463
8470
8475
8478
8482
8486
8494
8500
8511
8517
8518
8519
8523
8525
8526
8528
8529
8533
8538
8566
8572
8574
8576
8584
8592
8595
8596
8599
8602
8604
8610
8618
8630
8631
8642
8651
8652
8653
8656
8659
8660
8668
8670
8678
8683
8688
8690
8693
8708
8710
8715
8726
8727
8728
8732
8742
8744
8745
8746
8748
8751
8752
8753
8773
8779
8785
8788
8790
8791
8792
8795
8801
8809
8811
8824
8836
8838
8839
8841
8845
8856
8858
8867
8880
8883
8892
8893
8894
8899
8903
8923
8926
8940
8941
8943
8950
8952
8953
8954
8955
8958
8960
8965
8966
8973
8975
8980
8996
9000
9006
9008
9019
9021
9043
9056
9060
9062
9068
9069
9070
9088
9093
9102
9123
9130
9131
9138
9141
9157
9164
9171
9181
9182
9187
9202
9205
9215
9224
9227
9229
9235
9242
9247
9248
9250
9252
9254
9262
9263
9282
9291
9293
9303
9306
9309
9322
9323
9325
9328
9332
9338
9341
9348
9352
9359
9360
9363
9368
9371
9385
9391
9394
9395
9401
9402
9404
9411
9417
9420
9426
9427
9434
9441
9448
9457
9468
9473
9480
9485
9486
9488
9502
9508
9513
9516
9527
9529
9531
9535
9536
9538
9539
9540
9544
9549
9550
9554
9555
9564
9572
9580
9588
9594
9595
9596
9599
9600
9601
9603
9604
9605
9611
9614
9615
9616
9617
9621
9622
9623
9631
9634
9640
9641
9643
9656
9658
9663
9668
9674
9679
9685
9689
9697
9700
9702
9707
9708
9711
9718
9720
9721
9733
9735
9743
9746
9748
9751
9760
9763
9764
9765
9770
9771
9774
9779
9781
9783
9786
9787
9789
9795
9804
9805
9809
9811
9818
9820
9825
9830
9837
9843
9845
9847
9855
9856
9858
9865
9866
9868
9871
9872
9879
9883
9888
9896
9900
9901
9902
9913
9914
9915
9918
9921
9922
9925
9926
9931
9936
9939
9944
9948
9952
9955
9956
9957
9969
9984
9989
9990
10001
10005
10012
10019
10024
10026
10028
10036
10038
10043
10051
10061
10064
10071
10076
10082
10085
10095
10100
10103
10115
10119
10123
10130
10140
10141
10154
10156
10157
10161
10170
10171
10172
10174
10178
10180
10187
10191
10193
10223
10225
10229
10232
10245
10246
10251
10253
10256
10262
10276
10282
10300
10302
10306
10307
10312
10316
10324
10325
10327
10340
10341
10344
10345
10348
10350
10353
10354
10362
10371
10372
10376
10380
10398
10403
10409
10410
10414
10416
10428
10429
10436
10446
10449
10456
10479
10481
10486
10490
10491
10493
10500
10514
10515
10530
10536
10537
10553
10562
10565
10566
10584
10589
10590
10591
10598
10599
10601
10603
10605
10611
10612
10615
10616
10623
10639
10646
10648
10652
10657
10660
10664
10670
10672
10678
10681
10685
10689
10696
10698
10699
10712
10714
10716
10723
10724
10739
10741
10746
10747
10751
10761
10764
10766
10767
10771
10775
10777
10784
10788
10790
10791
10792
10802
10808
10812
10813
10815
10820
10822
10832
10850
10851
10852
10859
10864
10885
10888
10898
10900
10903
10904
10912
10915
10916
10918
10923
10924
10926
10927
10953
10955
10967
10970
10971
10974
10975
10980
10981
10987
10990
10994
11001
11010
11013
11017
11021
11022
11027
11039
11040
11042
11049
11053
11054
11056
11057
11058
11059
11062
11064
11065
11070
11073
11076
11078
11088
11090
11098
11106
11113
11114
11115
11118
11130
11132
11134
11135
11143
11145
11146
11148
11150
11151
11153
11155
11162
11164
11166
11175
11185
11186
11193
11194
11201
11205
11210
11217
11218
11230
11233
11234
11236
11241
11245
11252
11253
11257
11266
11272
11273
11276
11280
11283
11287
11299
11313
11316
11317
11334
11337
11342
11353
11356
11361
11363
11366
11370
11383
11384
11386
11387
11396
11397
11401
11409
11416
11422
11430
11433
11440
11450
11462
11466
11468
11472
11481
11493
11496
11500
11503
11508
11509
11514
11517
11520
11522
11523
11528
11533
11540
11553
11558
11561
11566
11572
11573
11575
11585
11591
11592
11596
11603
11610
11623
11626
11639
11656
11662
11677
11681
11683
11692
11693
11705
11712
11717
11734
11750
11760
11763
11765
11766
11767
11769
11773
11779
11781
11784
11795
11800
11810
11817
11822
11824
11827
11831
11833
11837
11839
11846
11852
11854
11857
11858
11859
11866
11867
11873
11874
11877
11879
11885
11889
11891
11892
11894
11895
11902
11909
11915
11919
11920
11921
11924
11925
11927
11932
11936
11940
11950
11958
11959
11960
11965
11966
11967
11968
11973
11980
12004
12009
12011
12017
12022
12036
12038
12041
12043
12052
12053
12055
12056
12057
12064
12070
12082
12084
12088
12091
12098
12106
12108
12109
12112
12124
12134
12140
12144
12149
12157
12160
12162
12165
12170
12188
12196
12198
12205
12208
12211
12218
12219
12224
12227
12228
12231
12236
12238
12239
12244
12247
12249
12259
12261
12265
12269
12270
12271
12274
12286
12287
12291
12305
12307
12309
12311
12313
12314
12323
12328
12336
12340
12350
12353
12354
12366
12369
12370
12373
12384
12393
12400
12405
12406
12410
12422
12426
12429
12435
12442
12459
12466
12468
12469
12470
12472
12474
12476
12482
12483
12484
12497
12499
12501
12510
12520
12521
12525
12526
12531
12532
12542
12544
12548
12549
12550
12555
12567
12568
12571
12577
12579
12591
12593
12594
12595
12597
12609
12612
12617
12623
12629
12635
12640
12645
12647
12650
12651
12669
12674
12691
12709
12713
12729
12741
12743
12745
12748
12758
12764
12766
12776
12779
12789
12792
12794
12797
12805
12806
12811
12813
12829
12832
12834
12841
12845
12853
12859
12864
12867
12901
12907
12925
12929
12944
12949
12954
12959
12976
12982
12985
13008
13018
13022
13023
13030
13046
13049
13064
13066
13073
13076
13077
13089
13090
13093
13094
13101
13102
13105
13111
13118
13120
13134
13138
13175
13187
13191
13193
13206
13210
13217
13218
13219
13220
13225
13227
13228
13233
13238
13243
13249
13252
13258
13264
13266
13271
13272
13279
13284
13287
13290
13317
13324
13326
13328
13329
13343
13348
13354
13357
13358
13365
13366
13375
13386
13390
13396
13406
13410
13414
13417
13419
13430
13433
13437
13449
13456
13457
13460
13465
13466
13467
13470
13477
13478
13481
13486
13490
13494
13495
13496
13499
13518
13519
13522
13526
13529
13540
13542
13544
13548
13550
13551
13553
13555
13561
13562
13569
13574
13575
13579
13582
13583
13585
13592
13593
13596
13603
13604
13605
13606
13612
13622
13631
13634
13636
13646
13648
13650
13656
13663
13672
13673
13683
13686
13687
13694
13710
13717
13723
13725
13730
13731
13736
13741
13744
13750
13752
13759
13761
13765
13766
13778
13785
13786
13788
13799
13805
13812
13813
13818
13820
13825
13827
13828
13838
13839
13843
13852
13863
13874
13881
13884
13885
13896
13897
13902
13906
13913
13918
13920
13923
13925
13930
13942
13944
13949
13952
13953
13954
13957
13960
13961
13962
13965
13968
13969
13970
13980
13983
13988
13989
13994
13996
13998
13999
14001
14002
14005
14008
14012
14015
14020
14025
14035
14040
14043
14044
14046
14047
14048
14051
14052
14069
14074
14078
14080
14084
14087
14097
14100
14107
14108
14109
14113
14114
14118
14121
14128
14129
14134
14153
14155
14157
14178
14179
14184
14188
14212
14224
14229
14238
14253
14254
14264
14269
14271
14286
14288
14289
14292
14308
14310
14316
14320
14351
14352
14355
14363
14374
14378
14379
14385
14387
14394
14397
14400
14401
14405
14410
14415
14416
14420
14421
14424
14426
14427
14432
14435
14445
14448
14450
14454
14457
14462
14465
14466
14469
14474
14478
14479
14480
14496
14508
14522
14529
14533
14539
14544
14546
14548
14558
14562
14579
14580
14582
14584
14595
14604
14610
14611
14617
14628
14631
14640
14641
14649
14668
14676
14690
14693
14696
14698
14706
14707
14712
14717
14718
14726
14730
14738
14742
14744
14747
14752
14756
14759
14762
14767
14768
14779
14782
14783
14789
14790
14795
14809
14812
14815
14816
14824
14832
14849
14850
14851
14853
14871
14879
14881
14896
14897
14898
14900
14902
14906
14907
14909
14913
14914
14915
14919
14928
14934
14936
14948
14952
14953
14960
14961
14965
14977
14979
14985
14990
14996
15010
15011
15012
15014
15016
15019
15023
15026
15028
15037
15043
15051
15062
15069
15074
15085
15098
15100
15116
15117
15127
15130
15132
15133
15135
15143
15146
15148
15154
15157
15161
15166
15167
15170
15193
15207
15210
15221
15222
15227
15229
15232
15236
15237
15238
15245
15250
15252
15258
15260
15262
15265
15294
15297
15309
15318
15334
15336
15338
15346
15352
15361
15370
15376
15377
15387
15396
15400
15406
15408
15412
15416
15419
15421
15422
15428
15431
15441
15457
15464
15465
15467
15481
15488
15503
15511
15516
15528
15536
15538
15539
15546
15556
15560
15561
15571
15577
15585
15590
15591
15593
15595
15597
15598
15609
15613
15616
15617
15618
15619
15620
15624
15625
15643
15661
15665
15668
15678
15679
15680
15682
15683
15686
15693
15696
15697
15698
15706
15708
15709
15711
15713
15721
15723
15726
15728
15731
15736
15741
15742
15743
15744
15746
15751
15752
15753
15756
15761
15762
15769
15780
15783
15786
15787
15793
15796
15799
15802
15804
15806
15807
15816
15820
15825
15832
15833
15836
15844
15845
15846
15853
15857
15875
15880
15884
15897
15898
15903
15905
15906
15910
15915
15921
15922
15927
15931
15935
15939
15941
15947
15951
15957
15962
15970
15978
15982
15986
15988
15990
15992
16000
16008
16018
16020
16027
16032
16034
16035
16038
16039
16045
16046
16048
16053
16058
16062
16066
16069
16080
16081
16083
16086
16087
16088
16089
16092
16095
16096
16106
16116
16117
16127
16134
16137
16142
16143
16146
16155
16170
16172
16191
16194
16203
16206
16209
16214
16215
16217
16218
16221
16223
16232
16245
16248
16255
16264
16268
16272
16273
16281
16293
16295
16309
16310
16315
16318
16319
16323
16332
16337
16339
16340
16344
16349
16353
16360
16362
16379
16380
16382
16383
16390
16397
16399
16414
16421
16433
16436
16439
16462
16470
16474
16479
16481
16491
16492
16497
16504
16508
16509
16513
16514
16517
16520
16524
16525
16527
16529
16530
16536
16539
16544
16555
16556
16567
16571
16572
16575
16576
16577
16580
16583
16594
16597
16600
16611
16612
16613
16615
16618
16619
16621
16625
16635
16636
16639
16642
16645
16648
16649
16651
16653
16659
16671
16673
16674
16675
16690
16691
16695
16698
16699
16700
16716
16720
16724
16725
16726
16732
16736
16738
16743
16755
16756
16760
16761
16763
16765
16768
16775
16777
16782
16788
16791
16804
16805
16810
16814
16815
16816
16818
16822
16824
16833
16837
16839
16840
16841
16842
16843
16845
16849
16851
16853
16855
16878
16881
16882
16887
16889
16893
16894
16904
16907
16911
16913
16916
16919
16933
16936
16940
16952
16954
16957
16966
16971
16972
16974
16985
16989
16997
17005
17010
17015
17020
17021
17025
17033
17034
17041
17052
17062
17065
17073
17074
17078
17080
17093
17103
17105
17115
17129
17136
17141
17151
17152
17162
17168
17174
17179
17184
17185
17189
17193
17198
17202
17204
17222
17224
17226
17227
17228
17234
17240
17251
17261
17264
17267
17275
17277
17279
17289
17292
17293
17294
17306
17310
17313
17321
17324
17342
17344
17355
17356
17359
17365
17372
17374
17380
17385
17394
17396
17417
17421
17423
17437
17441
17442
17447
17452
17457
17461
17463
17468
17479
17482
17488
17489
17491
17498
17499
17501
17510
17520
17524
17534
17536
17541
17548
17549
17559
17561
17567
17574
17583
17590
17593
17594
17602
17621
17644
17646
17649
17650
17654
17660
17661
17678
17686
17690
17699
17700
17706
17708
17709
17711
17717
17724
17726
17738
17742
17748
17752
17754
17757
17768
17773
17777
17803
17808
17817
17822
17827
17842
17843
17844
17846
17853
17860
17861
17862
17864
17870
17874
17875
17881
17884
17889
17897
17910
17922
17930
17934
17940
17941
17948
17956
17958
17962
17964
17968
17973
17976
17983
17988
17993
17996
18000
18002
18004
18006
18007
18027
18028
18031
18033
18035
18045
18048
18052
18058
18060
18061
18062
18063
18068
18072
18084
18085
18086
18087
18088
18090
18094
18101
18103
18105
18106
18107
18112
18116
18126
18128
18129
18132
18139
18140
18149
18152
18158
18176
18178
18179
18180
18181
18184
18198
18209
18216
18234
18244
18246
18250
18256
18260
18264
18269
18276
18277
18280
18284
18289
18291
18293
18300
18301
18304
18307
18308
18318
18328
18331
18333
18344
18348
18351
18358
18362
18365
18366
18376
18385
18386
18387
18388
18394
18410
18415
18416
18419
18420
18423
18433
18436
18441
18443
18445
18447
18449
18452
18453
18454
18457
18459
18464
18471
18477
18478
18487
18488
18495
18500
18503
18505
18512
18519
18533
18538
18549
18557
18558
18565
18571
18572
18576
18579
18580
18587
18588
18601
18602
18605
18613
18621
18629
18630
18635
18643
18649
18652
18657
18663
18664
18665
18670
18672
18675
18677
18680
18681
18685
18688
18689
18695
18696
18703
18704
18710
18712
18719
18725
18726
18729
18732
18739
18743
18744
18756
18770
18774
18780
18782
18794
18801
18805
18806
18807
18809
18811
18815
18831
18837
18839
18842
18843
18847
18853
18855
18859
18865
18871
18875
18876
18883
18886
18892
18895
18900
18902
18904
18906
18910
18911
18912
18917
18919
18933
18934
18935
18938
18939
18942
18946
18950
18956
18959
18972
18977
18984
18988
18990
18991
18992
18995
18998
19014
19019
19025
19036
19043
19046
19052
19054
19056
19057
19062
19071
19072
19073
19075
19079
19087
19094
19096
19103
19106
19118
19120
19124
19132
19133
19134
19140
19148
19149
19151
19152
19154
19164
19169
19179
19181
19185
19188
19191
19193
19220
19221
19236
19241
19243
19245
19258
19262
19270
19277
19282
19286
19287
19290
19295
19300
19305
19308
19326
19337
19339
19342
19344
19345
19353
19357
19363
19376
19377
19387
19390
19395
19397
19398
19406
19410
19414
19418
19422
19426
19430
19431
19432
19434
19466
19471
19482
19484
19485
19494
19497
19512
19515
19527
19536
19543
19547
19552
19553
19555
19556
19557
19561
19562
19565
19571
19573
19582
19583
19587
19593
19596
19597
19602
19609
19610
19616
19633
19634
19653
19655
19659
19664
19665
19666
19670
19677
19678
19680
19682
19685
19687
19688
19695
19698
19707
19709
19710
19711
19725
19726
19731
19738
19743
19748
19751
19752
19754
19762
19763
19770
19772
19779
19784
19797
19802
19804
19809
19822
19823
19824
19829
19840
19843
19853
19854
19857
19860
19863
19866
19875
19876
19881
19883
19884
19886
19890
19902
19903
19904
19905
19911
19912
19921
19923
19924
19927
19928
19934
19943
19946
19948
19966
19975
19981
19985
19988
19989
19994
20000
20003
20008
20021
20026
20030
20032
20040
20043
20057
20062
20065
20074
20086
20089
20093
20096
20097
20102
20118
20126
20135
20138
20141
20144
20146
20147
20151
20153
20159
20161
20165
20166
20177
20180
20187
20188
20207
20210
20211
20218
20225
20229
20238
20251
20257
20267
20273
20283
20288
20290
20291
20302
20308
20319
20326
20329
20330
20343
20345
20349
20351
20359
20363
20367
20370
20373
20379
20382
20385
20386
20389
20397
20398
20406
20407
20411
20413
20417
20422
20423
20429
20432
20439
20441
20448
20480
20495
20509
20517
20520
20525
20526
20527
20531
20532
20539
20540
20552
20556
20560
20562
20566
20567
20568
20573
20575
20583
20599
20607
20608
20609
20611
20615
20617
20621
20627
20630
20632
20637
20650
20656
20657
20659
20664
20672
20673
20681
20687
20692
20703
20706
20708
20715
20726
20730
20733
20735
20744
20755
20759
20762
20765
20769
20780
20782
20785
20787
20791
20792
20807
20808
20814
20817
20819
20822
20823
20827
20833
20834
20841
20843
20844
20845
20851
20854
20856
20861
20865
20888
20890
20893
20894
20897
20899
20902
20904
20906
20907
20910
20911
20912
20915
20917
20922
20929
20930
20931
20938
20943
20945
20948
20966
20976
20990
20998
21004
21006
21012
21020
21028
21036
21039
21040
21041
21042
21043
21047
21049
21050
21061
21063
21067
21068
21077
21079
21090
21091
21094
21108
21110
21120
21121
21123
21124
21127
21134
21138
21142
21151
21152
21156
21162
21169
21178
21182
21185
21200
21216
21221
21224
21228
21240
21248
21255
21259
21266
21283
21287
21289
21297
21300
21304
21307
21309
21312
21313
21316
21323
21325
21332
21334
21343
21344
21358
21363
21365
21371
21373
21376
21379
21389
21396
21397
21401
21404
21410
21421
21423
21424
21426
21432
21433
21436
21445
21446
21449
21450
21451
21459
21462
21464
21478
21485
21492
21495
21512
21521
21526
21530
21532
21533
21534
21551
21553
21554
21557
21562
21563
21565
21566
21567
21572
21573
21586
21587
21594
21596
21597
21599
21606
21617
21619
21623
21626
21627
21643
21644
21646
21647
21650
21652
21656
21658
21664
21669
21677
21678
21679
21681
21683
21684
21687
21697
21699
21702
21703
21704
21711
21730
21735
21739
21755
21763
21778
21779
21789
21790
21798
21801
21813
21823
21824
21825
21829
21844
21864
21871
21875
21882
21883
21889
21890
21894
21896
21899
21904
21920
21947
21948
21955
21958
21966
21975
21987
21988
21991
21994
21997
22000
22007
22008
22021
22026
22036
22040
22053
22056
22071
22078
22082
22084
22087
22090
22091
22096
22099
22100
22106
22109
22110
22119
22124
22126
22129
22137
22140
22147
22154
22155
22157
22162
22163
22172
22173
22174
22175
22179
22184
22194
22196
22198
22199
22203
22207
22211
22219
22225
22226
22228
22229
22233
22236
22238
22245
22251
22253
22255
22256
22258
22263
22267
22274
22277
22280
22289
22290
22294
22298
22299
22301
22303
22314
22316
22317
22320
22321
22322
22328
22331
22332
22335
22337
22342
22350
22355
22359
22361
22368
22369
22372
22378
22380
22391
22394
22396
22397
22408
22418
22419
22421
22430
22434
22439
22443
22446
22447
22448
22450
22462
22467
22468
22474
22475
22476
22482
22487
22490
22494
22497
22498
22499
22501
22502
22513
22514
22518
22519
22522
22523
22533
22534
22538
22542
22547
22573
22589
22594
22599
22606
22624
22629
22631
22633
22634
22637
22638
22645
22651
22656
22665
22679
22687
22688
22715
22721
22728
22729
22736
22741
22746
22756
22757
22758
22761
22762
22768
22771
22772
22774
22776
22778
22783
22784
22785
22788
22792
22794
22796
22799
22806
22814
22819
22821
22829
22832
22855
22875
22885
22901
22903
22905
22915
22916
22923
22926
22930
22933
22935
22936
22971
22975
22976
22997
23003
23004
23005
23012
23015
23017
23018
23027
23030
23040
23045
23063
23069
23073
23091
23092
23095
23110
23112
23113
23121
23125
23129
23136
23142
23145
23148
23149
23153
23160
23178
23179
23181
23194
23200
23201
23205
23206
23209
23211
23215
23216
23219
23223
23230
23240
23244
23245
23259
23260
23263
23266
23271
23272
23274
23278
23286
23297
23305
23308
23314
23322
23323
23326
23331
23336
23337
23339
23344
23351
23365
23372
23378
23387
23390
23391
23394
23403
23404
23405
23410
23424
23433
23444
23452
23463
23464
23477
23482
23484
23490
23494
23498
23500
23501
23505
23507
23511
23514
23517
23519
23524
23525
23526
23527
23530
23537
23546
23547
23551
23565
23567
23571
23572
23578
23579
23582
23591
23592
23597
23599
23605
23607
23608
23614
23617
23619
23623
23629
23633
23637
23640
23645
23648
23651
23653
23657
23663
23672
23677
23687
23698
23699
23702
23704
23717
23720
23722
23725
23733
23744
23747
23748
23756
23757
23762
23765
23774
23782
23783
23790
23797
23818
23820
23826
23835
23839
23840
23841
23842
23847
23852
23860
23865
23881
23893
23897
23899
23901
23902
23904
23906
23909
23910
23912
23919
23923
23931
23932
23934
23936
23939
23942
23943
23945
23961
23965
23979
23984
23985
23990
24006
24010
24018
24019
24020
24021
24022
24023
24038
24043
24045
24046
24047
24051
24054
24060
24063
24068
24069
24073
24076
24081
24087
24094
24101
24106
24114
24117
24118
24121
24124
24127
24130
24135
24138
24142
24144
24145
24152
24155
24158
24159
24162
24163
24164
24171
24181
24184
24185
24187
24193
24195
24208
24210
24221
24224
24226
24229
24238
24239
24244
24284
24285
24286
24293
24297
24311
24316
24322
24323
24324
24326
24328
24339
24340
24341
24347
24350
24351
24359
24367
24373
24379
24380
24381
24382
24385
24388
24389
24390
24393
24394
24406
24407
24419
24420
24424
24425
24426
24431
24434
24436
24440
24442
24464
24471
24473
24481
24503
24505
24506
24513
24516
24534
24539
24549
24561
24568
24592
24599
24611
24624
24638
24642
24643
24644
24646
24658
24665
24669
24675
24676
24683
24704
24708
24717
24718
24723
24724
24729
24730
24731
24736
24742
24746
24747
24757
24758
24759
24760
24763
24778
24783
24787
24794
24798
24815
24825
24827
24831
24834
24835
24836
24855
24857
24858
24875
24882
24883
24886
24904
24914
24923
24928
24941
24943
24944
24946
24962
24968
24971
24975
24985
24986
24991
25003
25005
25010
25022
25023
25027
25030
25031
25034
25052
25056
25063
25066
25069
25073
25075
25085
25088
25104
25116
25123
25126
25131
25132
25139
25140
25146
25154
25155
25163
25165
25171
25173
25185
25191
25193
25195
25203
25216
25223
25230
25232
25239
25243
25248
25259
25264
25266
25269
25270
25275
25277
25279
25281
25282
25285
25286
25289
25291
25293
25304
25309
25313
25325
25336
25356
25360
25365
25376
25382
25388
25392
25396
25399
25403
25406
25411
25412
25422
25423
25425
25429
25431
25445
25453
25458
25460
25463
25466
25468
25471
25474
25475
25479
25481
25483
25486
25493
25498
25500
25502
25516
25517
25519
25525
25534
25538
25539
25543
25554
25555
25568
25583
25584
25585
25590
25591
25606
25615
25622
25623
25642
25656
25657
25658
25659
25663
25668
25670
25672
25675
25683
25690
25696
25699
25707
25708
25717
25728
25730
25731
25752
25754
25756
25759
25760
25765
25775
25777
25781
25790
25796
25802
25804
25818
25820
25828
25829
25834
25841
25849
25850
25853
25854
25856
25858
25872
25875
25879
25881
25884
25897
25901
25903
25906
25915
25921
25927
25931
25932
25941
25942
25944
25947
25952
25956
25965
25970
25972
25975
25978
25986
25996
25999
26000
26004
26005
26009
26024
26028
26031
26032
26038
26043
26046
26048
26053
26058
26064
26070
26072
26075
26078
26079
26081
26083
26092
26093
26116
26118
26124
26129
26137
26139
26143
26149
26153
26161
26166
26173
26176
26182
26183
26187
26196
26200
26201
26205
26212
26220
26222
26229
26238
26240
26246
26257
26259
26260
26261
26274
26275
26276
26278
26279
26290
26295
26296
26297
26298
26299
26300
26302
26305
26306
26312
26316
26317
26322
26331
26334
26336
26339
26349
26351
26366
26369
26370
26372
26374
26378
26379
26385
26389
26390
26396
26406
26407
26409
26411
26420
26425
26433
26436
26438
26439
26443
26446
26452
26455
26457
26468
26471
26472
26476
26478
26495
26496
26505
26507
26510
26524
26530
26553
26560
26564
26566
26585
26592
26594
26595
26597
26598
26599
26603
26608
26640
26644
26661
26663
26670
26672
26673
26679
26683
26692
26700
26706
26707
26708
26710
26713
26716
26721
26730
26735
26740
26745
26766
26767
26768
26775
26781
26790
26794
26795
26799
26802
26803
26806
26816
26826
26841
26847
26850
26853
26856
26860
26880
26889
26905
26911
26916
26917
26918
26919
26920
26925
26926
26931
26935
26943
26946
26947
26952
26957
26966
26967
26977
26979
26985
26989
26991
26999
27005
27014
27019
27022
27025
27026
27037
27052
27053
27056
27059
27062
27069
27072
27074
27079
27083
27089
27095
27102
27108
27110
27111
27116
27117
27119
27120
27124
27128
27136
27138
27140
27142
27143
27148
27150
27155
27156
27160
27163
27164
27170
27171
27173
27176
27183
27188
27189
27190
27191
27196
27199
27200
27207
27214
27227
27230
27239
27244
27250
27257
27263
27264
27266
27271
27276
27278
27281
27284
27285
27292
27293
27294
27299
27300
27314
27315
27316
27317
27321
27325
27326
27327
27330
27335
27336
27343
27353
27357
27359
27363
27371
27373
27384
27385
27389
27392
27394
27395
27406
27408
27421
27433
27437
27440
27450
27462
27468
27470
27473
27474
27500
27502
27508
27509
27513
27520
27527
27528
27536
27544
27546
27550
27558
27559
27564
27567
27571
27577
27581
27583
27589
27593
27599
27602
27616
27627
27638
27639
27640
27642
27647
27654
27659
27664
27672
27705
27709
27723
27726
27727
27728
27739
27740
27756
27759
27771
27774
27781
27785
27791
27799
27808
27810
27812
27818
27822
27825
27827
27828
27829
27830
27834
27836
27840
27849
27861
27865
27886
27904
27909
27916
27928
27934
27937
27941
27948
27949
27950
27951
27953
27954
27968
27969
27976
27977
27979
27991
27994
27995
28012
28013
28016
28018
28021
28025
28026
28030
28035
28046
28049
28061
28068
28073
28074
28076
28077
28083
28085
28092
28093
28094
28096
28099
28106
28107
28110
28114
28120
28124
28125
28132
28133
28134
28137
28141
28146
28149
28165
28166
28175
28176
28186
28187
28193
28197
28204
28205
28208
28213
28216
28228
28232
28234
28242
28249
28252
28255
28260
28266
28281
28282
28283
28285
28299
28305
28311
28317
28321
28326
28328
28330
28331
28332
28335
28350
28353
28355
28360
28385
28388
28397
28398
28405
28409
28410
28423
28424
28428
28430
28433
28434
28436
28446
28448
28451
28452
28456
28458
28464
28467
28471
28478
28485
28491
28494
28499
28505
28510
28511
28516
28519
28547
28552
28553
28556
28564
28570
28573
28579
28588
28589
28596
28614
28619
28622
28624
28629
28633
28634
28636
28645
28646
28650
28663
28677
28679
28680
28682
28686
28696
28706
28707
28710
28711
28713
28716
28717
28721
28727
28732
28737
28739
28743
28759
28760
28769
28777
28780
28793
28794
28797
28800
28801
28804
28812
28814
28819
28830
28833
28842
28848
28851
28860
28862
28869
28877
28883
28885
28891
28893
28894
28895
28901
28904
28905
28919
28920
28923
28931
28933
28934
28938
28950
28953
28959
28961
28973
28985
28986
28987
28988
28997
29000
29005
29006
29012
29014
29018
29024
29028
29033
29037
29039
29048
29049
29061
29064
29068
29070
29073
29078
29079
29086
29093
29097
29098
29101
29102
29103
29104
29107
29122
29126
29128
29136
29138
29139
29146
29151
29154
29156
29167
29170
29173
29174
29176
29178
29179
29182
29188
29189
29191
29194
29195
29197
29198
29206
29210
29212
29218
29220
29222
29225
29226
29227
29239
29242
29243
29253
29255
29257
29266
29271
29273
29274
29275
29282
29287
29305
29308
29317
29321
29323
29337
29338
29339
29341
29348
29351
29353
29370
29372
29376
29377
29395
29399
29404
29410
29433
29438
29439
29444
29448
29455
29456
29461
29464
29467
29471
29473
29477
29482
29485
29488
29498
29500
29503
29505
29516
29518
29523
29525
29544
29555
29557
29558
29564
29572
29573
29575
29577
29587
29591
29610
29611
29614
29617
29622
29623
29624
29629
29644
29650
29652
29653
29656
29664
29672
29678
29684
29688
29689
29691
29693
29702
29704
29705
29706
29711
29714
29720
29721
29726
29734
29740
29750
29755
29759
29763
29769
29774
29787
29805
29809
29813
29815
29822
29823
29828
29835
29838
29840
29856
29866
29867
29868
29877
29880
29889
29894
29908
29918
29919
29922
29928
29929
29931
29938
29940
29942
29947
29950
29951
29952
29962
29964
29971
29975
29983
29993
29994
29999
30001
30006
30007
30009
30025
30041
30042
30046
30047
30051
30052
30055
30058
30065
30070
30076
30083
30088
30090
30095
30097
30098
30100
30103
30105
30108
30120
30125
30129
30130
30141
30142
30157
30158
30161
30164
30168
30173
30175
30183
30184
30185
30192
30194
30198
30207
30213
30215
30221
30223
30235
30241
30242
30244
30245
30256
30258
30260
30262
30263
30265
30270
30271
30276
30283
30286
30288
30292
30296
30299
30300
30305
30323
30326
30330
30344
30348
30355
30359
30362
30367
30369
30371
30372
30373
30375
30379
30380
30382
30384
30394
30396
30408
30411
30427
30436
30443
30463
30466
30467
30471
30473
30479
30487
30491
30496
30504
30511
30517
30519
30524
30528
30530
30532
30533
30549
30556
30560
30565
30579
30589
30596
30597
30608
30610
30612
30615
30618
30621
30624
30629
30633
30636
30642
30643
30647
30648
30651
30666
30669
30672
30676
30682
30689
30694
30696
30700
30706
30707
30712
30713
30717
30723
30725
30726
30728
30731
30739
30740
30741
30745
30751
30753
30758
30766
30767
30769
30770
30774
30775
30777
30793
30797
30801
30807
30820
30825
30829
30831
30836
30837
30846
30857
30867
30868
30869
30870
30871
30873
30880
30886
30889
30893
30894
30898
30899
30907
30914
30915
30926
30935
30936
30938
30942
30955
30957
30961
30962
30966
30968
30971
30980
30984
30987
30994
30995
30996
30998
31013
31015
31016
31020
31024
31025
31026
31031
31035
31036
31040
31051
31052
31060
31062
31071
31077
31085
31087
31090
31092
31096
31097
31104
31108
31112
31117
31119
31120
31138
31139
31141
31142
31145
31153
31155
31157
31159
31161
31166
31169
31171
31186
31188
31199
31205
31212
31222
31223
31225
31227
31228
31232
31235
31237
31238
31243
31247
31248
31253
31254
31266
31268
31270
31274
31275
31277
31281
31292
31306
31307
31311
31322
31324
31329
31333
31336
31339
31343
31347
31348
31351
31352
31353
31355
31365
31368
31370
31372
31376
31392
31398
31402
31404
31411
31417
31418
31419
31431
31441
31446
31459
31474
31477
31480
31482
31488
31492
31500
31501
31509
31511
31515
31516
31521
31525
31529
31530
31537
31538
31541
31545
31553
31561
31562
31565
31566
31567
31568
31582
31583
31587
31594
31595
31607
31608
31609
31616
31617
31627
31629
31640
31643
31644
31646
31647
31650
31652
31659
31673
31674
31676
31683
31686
31687
31699
31706
31714
31720
31733
31734
31735
31736
31747
31749
31761
31763
31767
31772
31776
31780
31781
31791
31801
31806
31810
31815
31817
31820
31826
31832
31833
31840
31847
31852
31854
31859
31860
31870
31881
31883
31885
31901
31903
31909
31915
31918
31928
31931
31933
31937
31938
31941
31942
31951
31954
31957
31963
31964
31970
31984
31992
31998
31999
